0
20 15
....................
....................
....................
....................
....................
....................
....................
....................
....................
....................
....................
....................
....................
....................
....................
350 350
0 0
0 -1 -1 -1 -1
1 -1 -1 -1 -1
2 -1 -1 -1 -1
3 -1 -1 -1 -1
4 -1 -1 -1 -1
0 -1 -1 -1 -1
1 -1 -1 -1 -1
2 -1 -1 -1 -1
3 -1 -1 -1 -1
4 -1 -1 -1 -1
0
1
20 15
....................
....................
....................
....................
....................
....................
....................
....................
....................
....................
....................
....................
....................
....................
....................
350 350
0 0
0 -1 -1 -1 -1
1 -1 -1 -1 -1
2 -1 -1 -1 -1
3 -1 -1 -1 -1
4 -1 -1 -1 -1
0 -1 -1 -1 -1
1 -1 -1 -1 -1
2 -1 -1 -1 -1
3 -1 -1 -1 -1
4 -1 -1 -1 -1
0
350 350
0 0
0 0 0 20 10
1 0 2 20 10
2 0 4 20 10
3 0 8 20 10
4 0 9 20 10
0 19 0 20 10
1 19 2 20 10
2 19 4 20 10
4 19 9 20 10
3 19 8 0 10
0
350 350
0 0
0 19 0 20 10
1 19 2 20 10
2 19 4 20 10
4 19 9 20 10
3 19 8 0 10
0 0 0 20 10
1 0 2 20 10
2 0 4 20 10
3 0 8 20 10
4 0 9 20 10
0
350 350
0 0
0 0 1 20 10
1 0 3 20 10
2 0 5 20 10
3 0 8 20 10
4 0 10 20 10
0 19 1 20 10
1 19 3 20 10
2 19 5 20 10
4 19 10 20 10
3 19 7 20 10
0
350 350
0 0
0 19 1 20 10
1 19 3 20 10
2 19 5 20 10
4 19 10 20 10
3 19 7 20 10
0 0 1 20 10
1 0 3 20 10
2 0 5 20 10
3 0 8 20 10
4 0 10 20 10
0
350 350
0 0
0 0 2 20 10
1 0 4 20 10
2 0 6 20 10
3 0 7 20 10
4 1 10 20 10
0 19 2 20 10
1 19 4 20 10
2 19 6 20 10
4 18 10 20 10
3 18 7 20 10
0
350 350
0 0
0 19 2 20 10
1 19 4 20 10
2 19 6 20 10
4 18 10 20 10
3 18 7 20 10
0 0 2 20 10
1 0 4 20 10
2 0 6 20 10
3 0 7 20 10
4 1 10 20 10
0
250 170
0 0
0 0 3 20 10
1 0 5 20 10
2 1 6 20 10
3 1 6 20 10
4 2 10 20 10
0 19 3 20 10
1 19 5 20 10
2 18 6 20 10
4 17 10 20 10
3 17 7 20 10
4
FIREBOMB 0 1 15 11 0 5 2 0 0
SPRINGTRAP 1 1 11 11 -1 -1 2 0 -1
GUNTOWER 2 0 8 7 555 5 5 0 10
GLUETOWER 3 1 10 7 5 8 3 0 15
170 170
0 0
0 19 3 20 10
1 19 5 20 10
2 18 6 20 10
4 17 10 20 10
3 17 7 20 10
0 0 3 20 10
1 0 5 20 10
2 1 6 20 10
3 1 6 20 10
4 2 10 20 10
4
FIREBOMB 0 1 15 11 0 5 2 0 0
SPRINGTRAP 1 1 11 11 -1 -1 2 0 -1
GUNTOWER 2 0 8 7 555 5 5 0 10
GLUETOWER 3 1 10 7 5 8 3 0 15
250 170
0 0
0 0 4 20 10
1 0 6 20 10
2 2 6 20 10
3 2 6 20 10
4 3 10 20 10
0 19 4 20 10
1 19 6 20 10
2 17 6 20 10
4 16 10 20 10
3 16 7 20 10
4
FIREBOMB 0 1 15 11 0 5 2 0 0
SPRINGTRAP 1 1 11 11 -1 -1 2 0 -1
GUNTOWER 2 0 8 7 555 5 5 0 10
GLUETOWER 3 1 10 7 5 8 3 0 15
170 170
0 0
0 19 4 20 10
1 19 6 20 10
2 17 6 20 10
4 16 10 20 10
3 16 7 20 10
0 0 4 20 10
1 0 6 20 10
2 2 6 20 10
3 2 6 20 10
4 3 10 20 10
4
FIREBOMB 0 1 15 11 0 5 2 0 0
SPRINGTRAP 1 1 11 11 -1 -1 2 0 -1
GUNTOWER 2 0 8 7 555 5 5 0 10
GLUETOWER 3 1 10 7 5 8 3 0 15
250 170
0 0
0 0 5 20 10
1 1 6 20 10
2 3 6 20 10
3 3 6 20 10
4 4 10 20 10
0 19 5 20 10
1 18 6 20 10
2 16 6 20 10
4 15 10 20 10
3 16 6 20 10
4
FIREBOMB 0 1 15 11 0 5 2 0 0
SPRINGTRAP 1 1 11 11 -1 -1 2 0 -1
GUNTOWER 2 0 8 7 555 5 5 0 10
GLUETOWER 3 1 10 7 5 8 3 0 15
170 170
0 0
0 19 5 20 10
1 18 6 20 10
2 16 6 20 10
4 15 10 20 10
3 16 6 20 10
0 0 5 20 10
1 1 6 20 10
2 3 6 20 10
3 3 6 20 10
4 4 10 20 10
4
FIREBOMB 0 1 15 11 0 5 2 0 0
SPRINGTRAP 1 1 11 11 -1 -1 2 0 -1
GUNTOWER 2 0 8 7 555 5 5 0 10
GLUETOWER 3 1 10 7 5 8 3 0 15
250 170
0 0
0 0 6 20 10
1 2 6 20 10
2 4 6 20 10
3 4 6 20 10
4 5 10 20 10
0 19 6 20 10
1 17 6 20 10
2 15 6 20 10
4 14 10 20 10
3 15 6 20 10
3
SPRINGTRAP 1 1 11 11 -1 -1 2 0 -1
GUNTOWER 2 0 8 7 555 5 5 0 10
GLUETOWER 3 1 10 7 5 8 3 0 15
170 170
0 0
0 19 6 20 10
1 17 6 20 10
2 15 6 20 10
4 14 10 20 10
3 15 6 20 10
0 0 6 20 10
1 2 6 20 10
2 4 6 20 10
3 4 6 20 10
4 5 10 20 10
3
SPRINGTRAP 1 1 11 11 -1 -1 2 0 -1
GUNTOWER 2 0 8 7 555 5 5 0 10
GLUETOWER 3 1 10 7 5 8 3 0 15
250 170
0 0
0 1 6 20 10
1 3 6 20 10
2 5 6 20 10
3 5 6 20 10
4 6 10 20 10
0 18 6 20 10
1 16 6 20 10
2 14 6 20 10
4 13 10 20 10
3 14 6 20 10
3
SPRINGTRAP 1 1 11 11 -1 -1 2 0 -1
GUNTOWER 2 0 8 7 555 5 5 0 10
GLUETOWER 3 1 10 7 5 8 3 0 15
170 170
0 0
0 18 6 20 10
1 16 6 20 10
2 14 6 20 10
4 13 10 20 10
3 14 6 20 10
0 1 6 20 10
1 3 6 20 10
2 5 6 20 10
3 5 6 20 10
4 6 10 20 10
3
SPRINGTRAP 1 1 11 11 -1 -1 2 0 -1
GUNTOWER 2 0 8 7 555 5 5 0 10
GLUETOWER 3 1 10 7 5 8 3 0 15
250 170
0 0
0 2 6 20 10
1 4 6 20 10
2 6 6 20 10
3 6 6 20 10
4 7 10 20 10
0 17 6 20 10
1 15 6 20 10
2 13 6 20 10
4 12 10 20 10
3 13 6 20 10
3
SPRINGTRAP 1 1 11 11 -1 -1 2 0 -1
GUNTOWER 2 0 8 7 555 5 5 0 10
GLUETOWER 3 1 10 7 5 8 3 0 15
170 170
0 0
0 17 6 20 10
1 15 6 20 10
2 13 6 20 10
4 12 10 20 10
3 13 6 20 10
0 2 6 20 10
1 4 6 20 10
2 6 6 20 10
3 6 6 20 10
4 7 10 20 10
3
SPRINGTRAP 1 1 11 11 -1 -1 2 0 -1
GUNTOWER 2 0 8 7 555 5 5 0 10
GLUETOWER 3 1 10 7 5 8 3 0 15
250 170
0 0
0 3 6 20 10
1 5 6 20 10
2 7 6 20 10
3 7 6 20 10
4 8 10 20 10
0 16 6 20 10
1 14 6 20 10
2 12 6 15 10
4 11 10 20 10
3 12 6 20 10
3
SPRINGTRAP 1 1 11 11 -1 -1 2 0 -1
GUNTOWER 2 0 8 7 555 5 5 1 10
GLUETOWER 3 1 10 7 5 8 3 0 15
170 170
0 0
0 16 6 20 10
1 14 6 20 10
2 12 6 15 10
4 11 10 20 10
3 12 6 20 10
0 3 6 20 10
1 5 6 20 10
2 7 6 20 10
3 7 6 20 10
4 8 10 20 10
3
SPRINGTRAP 1 1 11 11 -1 -1 2 0 -1
GUNTOWER 2 0 8 7 555 5 5 1 10
GLUETOWER 3 1 10 7 5 8 3 0 15
250 170
0 0
0 4 6 20 10
1 6 6 20 10
2 8 6 20 10
3 8 6 20 10
4 9 10 20 2
0 15 6 20 10
1 13 6 20 10
2 11 6 15 10
4 10 10 20 10
3 11 6 20 10
3
SPRINGTRAP 1 1 11 11 -1 -1 2 0 -1
GUNTOWER 2 0 8 7 555 5 5 0 10
GLUETOWER 3 1 10 7 5 8 3 4 15
170 170
0 0
0 15 6 20 10
1 13 6 20 10
2 11 6 15 10
4 10 10 20 10
3 11 6 20 10
0 4 6 20 10
1 6 6 20 10
2 8 6 20 10
3 8 6 20 10
4 9 10 20 2
3
SPRINGTRAP 1 1 11 11 -1 -1 2 0 -1
GUNTOWER 2 0 8 7 555 5 5 0 10
GLUETOWER 3 1 10 7 5 8 3 4 15
250 170
0 0
0 5 6 20 10
1 7 6 20 10
2 9 6 20 10
3 9 6 20 10
4 9 10 20 2
0 14 6 20 10
1 12 6 20 10
2 10 6 10 10
4 9 10 20 10
3 10 6 20 10
3
SPRINGTRAP 1 1 11 11 -1 -1 2 0 -1
GUNTOWER 2 0 8 7 555 5 5 1 10
GLUETOWER 3 1 10 7 5 8 3 3 15
170 170
0 0
0 14 6 20 10
1 12 6 20 10
2 10 6 10 10
4 9 10 20 10
3 10 6 20 10
0 5 6 20 10
1 7 6 20 10
2 9 6 20 10
3 9 6 20 10
4 9 10 20 2
3
SPRINGTRAP 1 1 11 11 -1 -1 2 0 -1
GUNTOWER 2 0 8 7 555 5 5 1 10
GLUETOWER 3 1 10 7 5 8 3 3 15
250 170
0 0
0 6 6 20 10
1 8 6 20 10
2 10 6 20 10
3 10 6 20 10
4 9 10 20 2
0 13 6 20 10
1 11 6 20 10
2 9 6 10 10
4 8 10 20 10
3 9 6 20 10
3
SPRINGTRAP 1 1 11 11 -1 -1 2 0 -1
GUNTOWER 2 0 8 7 555 5 5 0 10
GLUETOWER 3 1 10 7 5 8 3 2 15
170 170
0 0
0 13 6 20 10
1 11 6 20 10
2 9 6 10 10
4 8 10 20 10
3 9 6 20 10
0 6 6 20 10
1 8 6 20 10
2 10 6 20 10
3 10 6 20 10
4 9 10 20 2
3
SPRINGTRAP 1 1 11 11 -1 -1 2 0 -1
GUNTOWER 2 0 8 7 555 5 5 0 10
GLUETOWER 3 1 10 7 5 8 3 2 15
250 170
0 0
0 7 6 20 10
1 9 6 20 10
2 11 6 20 10
3 11 6 20 10
4 9 10 20 2
0 12 6 20 10
1 10 6 20 10
2 8 6 5 10
4 7 10 20 10
3 8 6 20 10
3
SPRINGTRAP 1 1 11 11 -1 -1 2 0 -1
GUNTOWER 2 0 8 7 555 5 5 1 10
GLUETOWER 3 1 10 7 5 8 3 1 15
170 170
0 0
0 12 6 20 10
1 10 6 20 10
2 8 6 5 10
4 7 10 20 10
3 8 6 20 10
0 7 6 20 10
1 9 6 20 10
2 11 6 20 10
3 11 6 20 10
4 9 10 20 2
3
SPRINGTRAP 1 1 11 11 -1 -1 2 0 -1
GUNTOWER 2 0 8 7 555 5 5 1 10
GLUETOWER 3 1 10 7 5 8 3 1 15
250 170
0 0
0 8 6 20 10
1 10 6 20 10
2 12 6 20 10
3 12 6 20 10
4 9 10 20 2
0 11 6 20 10
1 9 6 20 10
2 7 6 5 10
4 6 10 20 10
3 7 6 20 10
2
GUNTOWER 2 0 8 7 555 5 5 0 10
GLUETOWER 3 1 10 7 5 8 3 0 15
170 170
0 0
0 11 6 20 10
1 9 6 20 10
2 7 6 5 10
4 6 10 20 10
3 7 6 20 10
0 8 6 20 10
1 10 6 20 10
2 12 6 20 10
3 12 6 20 10
4 9 10 20 2
2
GUNTOWER 2 0 8 7 555 5 5 0 10
GLUETOWER 3 1 10 7 5 8 3 0 15
275 170
0 0
0 9 6 20 2
1 11 6 20 2
2 13 6 20 2
3 12 6 20 2
4 10 10 20 2
0 10 6 20 10
1 8 6 20 10
4 5 10 20 10
3 6 6 20 10
2 7 6 0 10
2
GUNTOWER 2 0 8 7 555 5 5 1 10
GLUETOWER 3 1 10 7 5 8 3 4 15
170 170
0 0
0 10 6 20 10
1 8 6 20 10
4 5 10 20 10
3 6 6 20 10
2 7 6 0 10
0 9 6 20 2
1 11 6 20 2
2 13 6 20 2
3 12 6 20 2
4 10 10 20 2
2
GUNTOWER 2 0 8 7 555 5 5 1 10
GLUETOWER 3 1 10 7 5 8 3 4 15
275 170
0 0
0 9 6 20 2
1 11 6 20 2
2 13 6 20 2
3 12 6 20 2
4 10 10 20 2
0 9 6 20 10
1 7 6 20 10
4 4 10 20 10
3 5 6 20 10
2 19 5 20 10
2
GUNTOWER 2 0 8 7 555 5 5 0 10
GLUETOWER 3 1 10 7 5 8 3 3 15
170 170
0 0
0 9 6 20 10
1 7 6 20 10
4 4 10 20 10
3 5 6 20 10
2 19 5 20 10
0 9 6 20 2
1 11 6 20 2
2 13 6 20 2
3 12 6 20 2
4 10 10 20 2
2
GUNTOWER 2 0 8 7 555 5 5 0 10
GLUETOWER 3 1 10 7 5 8 3 3 15
275 170
0 0
0 9 6 20 2
1 11 6 20 2
2 13 6 20 2
3 12 6 20 2
4 10 10 20 10
0 8 6 15 10
1 6 6 20 10
4 3 10 20 10
3 5 7 20 10
2 19 6 20 10
2
GUNTOWER 2 0 8 7 555 5 5 1 10
GLUETOWER 3 1 10 7 5 8 3 2 15
170 170
0 0
0 8 6 15 10
1 6 6 20 10
4 3 10 20 10
3 5 7 20 10
2 19 6 20 10
0 9 6 20 2
1 11 6 20 2
2 13 6 20 2
3 12 6 20 2
4 10 10 20 10
2
GUNTOWER 2 0 8 7 555 5 5 1 10
GLUETOWER 3 1 10 7 5 8 3 2 15
275 170
0 0
0 9 6 20 2
1 11 6 20 2
2 13 6 20 2
3 12 6 20 2
4 11 10 20 10
0 7 6 15 10
1 5 6 20 10
4 2 10 20 10
3 4 7 20 10
2 18 6 20 10
2
GUNTOWER 2 0 8 7 555 5 5 0 10
GLUETOWER 3 1 10 7 5 8 3 1 15
170 170
0 0
0 7 6 15 10
1 5 6 20 10
4 2 10 20 10
3 4 7 20 10
2 18 6 20 10
0 9 6 20 2
1 11 6 20 2
2 13 6 20 2
3 12 6 20 2
4 11 10 20 10
2
GUNTOWER 2 0 8 7 555 5 5 0 10
GLUETOWER 3 1 10 7 5 8 3 1 15
275 170
0 0
0 9 6 20 2
1 11 6 20 2
2 13 6 20 2
3 13 6 20 2
4 12 10 20 10
0 6 6 10 10
1 5 7 20 10
4 1 10 20 10
3 3 7 20 10
2 17 6 20 10
2
GUNTOWER 2 0 8 7 555 5 5 1 10
GLUETOWER 3 1 10 7 5 8 3 0 15
170 170
0 0
0 6 6 10 10
1 5 7 20 10
4 1 10 20 10
3 3 7 20 10
2 17 6 20 10
0 9 6 20 2
1 11 6 20 2
2 13 6 20 2
3 13 6 20 2
4 12 10 20 10
2
GUNTOWER 2 0 8 7 555 5 5 1 10
GLUETOWER 3 1 10 7 5 8 3 0 15
275 170
0 0
0 10 6 20 2
1 12 6 20 2
2 14 6 20 2
3 13 6 20 2
4 13 10 20 10
0 5 6 10 10
1 4 7 20 10
4 0 9 20 10
3 2 7 20 10
2 16 6 20 10
2
GUNTOWER 2 0 8 7 555 5 5 0 10
GLUETOWER 3 1 10 7 5 8 3 0 15
170 170
0 0
0 5 6 10 10
1 4 7 20 10
4 0 9 20 10
3 2 7 20 10
2 16 6 20 10
0 10 6 20 2
1 12 6 20 2
2 14 6 20 2
3 13 6 20 2
4 13 10 20 10
2
GUNTOWER 2 0 8 7 555 5 5 0 10
GLUETOWER 3 1 10 7 5 8 3 0 15
275 170
0 0
0 10 6 20 2
1 12 6 20 2
2 14 6 20 2
3 13 6 20 2
4 14 10 20 10
0 5 7 5 10
1 3 7 20 10
4 0 8 20 10
3 1 7 20 10
2 15 6 20 10
2
GUNTOWER 2 0 8 7 555 5 5 1 10
GLUETOWER 3 1 10 7 5 8 3 0 15
170 170
0 0
0 5 7 5 10
1 3 7 20 10
4 0 8 20 10
3 1 7 20 10
2 15 6 20 10
0 10 6 20 2
1 12 6 20 2
2 14 6 20 2
3 13 6 20 2
4 14 10 20 10
2
GUNTOWER 2 0 8 7 555 5 5 1 10
GLUETOWER 3 1 10 7 5 8 3 0 15
275 370
0 2
0 10 6 20 10
1 12 6 20 10
2 14 6 20 10
3 13 6 20 10
4 15 10 20 10
0 4 7 5 10
1 2 7 20 10
2 14 6 20 10
4 0 7 0 10
3 0 7 0 10
2
GUNTOWER 2 0 8 7 555 5 5 0 10
GLUETOWER 3 1 10 7 5 8 3 0 15
370 370
2 2
0 4 7 5 10
1 2 7 20 10
2 14 6 20 10
4 0 7 0 10
3 0 7 0 10
0 10 6 20 10
1 12 6 20 10
2 14 6 20 10
3 13 6 20 10
4 15 10 20 10
2
GUNTOWER 2 0 8 7 555 5 5 0 10
GLUETOWER 3 1 10 7 5 8 3 0 15
325 370
0 2
0 10 6 20 2
1 12 6 20 2
2 15 6 20 10
3 14 6 20 10
4 16 9 20 10
1 1 7 20 10
2 13 6 20 10
4 19 10 20 10
3 19 8 0 10
0 4 7 0 10
2
GUNTOWER 2 0 8 7 555 5 5 1 10
GLUETOWER 3 1 10 7 5 8 3 4 15
370 370
2 2
1 1 7 20 10
2 13 6 20 10
4 19 10 20 10
3 19 8 0 10
0 4 7 0 10
0 10 6 20 2
1 12 6 20 2
2 15 6 20 10
3 14 6 20 10
4 16 9 20 10
2
GUNTOWER 2 0 8 7 555 5 5 1 10
GLUETOWER 3 1 10 7 5 8 3 4 15
350 470
0 3
0 10 6 20 2
1 12 6 20 2
2 16 6 20 10
3 15 6 20 10
4 16 8 20 10
2 12 6 20 10
4 18 10 20 10
0 19 1 20 10
3 19 8 0 10
1 0 7 0 10
2
GUNTOWER 2 0 8 7 555 5 5 0 10
GLUETOWER 3 1 10 7 5 8 3 3 15
470 470
3 3
2 12 6 20 10
4 18 10 20 10
0 19 1 20 10
3 19 8 0 10
1 0 7 0 10
0 10 6 20 2
1 12 6 20 2
2 16 6 20 10
3 15 6 20 10
4 16 8 20 10
2
GUNTOWER 2 0 8 7 555 5 5 0 10
GLUETOWER 3 1 10 7 5 8 3 3 15
375 470
0 3
0 11 6 20 2
1 13 6 20 2
2 16 7 20 10
3 16 7 20 10
4 16 7 20 10
2 11 6 15 10
4 17 10 20 10
0 19 2 20 10
1 19 3 20 10
3 19 8 0 10
2
GUNTOWER 2 0 8 7 555 5 5 1 10
GLUETOWER 3 1 10 7 5 8 3 2 15
470 470
3 3
2 11 6 15 10
4 17 10 20 10
0 19 2 20 10
1 19 3 20 10
3 19 8 0 10
0 11 6 20 2
1 13 6 20 2
2 16 7 20 10
3 16 7 20 10
4 16 7 20 10
2
GUNTOWER 2 0 8 7 555 5 5 1 10
GLUETOWER 3 1 10 7 5 8 3 2 15
400 470
0 3
0 11 6 20 2
1 13 6 20 2
2 17 7 20 10
3 17 7 20 10
4 17 7 20 10
2 10 6 15 10
4 16 10 20 10
0 19 3 20 10
1 19 4 20 10
3 19 8 0 10
2
GUNTOWER 2 0 8 7 555 5 5 0 10
GLUETOWER 3 1 10 7 5 8 3 1 15
470 470
3 3
2 10 6 15 10
4 16 10 20 10
0 19 3 20 10
1 19 4 20 10
3 19 8 0 10
0 11 6 20 2
1 13 6 20 2
2 17 7 20 10
3 17 7 20 10
4 17 7 20 10
2
GUNTOWER 2 0 8 7 555 5 5 0 10
GLUETOWER 3 1 10 7 5 8 3 1 15
425 470
0 3
0 11 6 20 2
1 13 6 20 2
2 18 7 20 10
3 18 7 20 10
4 18 7 20 10
2 9 6 10 10
4 15 10 20 10
0 19 4 20 10
1 19 5 20 10
3 19 8 0 10
2
GUNTOWER 2 0 8 7 555 5 5 1 10
GLUETOWER 3 1 10 7 5 8 3 0 15
470 470
3 3
2 9 6 10 10
4 15 10 20 10
0 19 4 20 10
1 19 5 20 10
3 19 8 0 10
0 11 6 20 2
1 13 6 20 2
2 18 7 20 10
3 18 7 20 10
4 18 7 20 10
2
GUNTOWER 2 0 8 7 555 5 5 1 10
GLUETOWER 3 1 10 7 5 8 3 0 15
750 470
3 3
0 11 6 20 2
1 13 6 20 2
2 19 7 0 10
3 19 7 0 10
4 19 7 0 10
2 8 6 10 10
4 14 10 20 10
0 19 5 20 10
1 19 6 20 10
3 19 8 0 10
2
GUNTOWER 2 0 8 7 555 5 5 0 10
GLUETOWER 3 1 10 7 5 8 3 0 15
470 470
3 3
2 8 6 10 10
4 14 10 20 10
0 19 5 20 10
1 19 6 20 10
3 19 8 0 10
0 11 6 20 2
1 13 6 20 2
2 19 7 0 10
3 19 7 0 10
4 19 7 0 10
2
GUNTOWER 2 0 8 7 555 5 5 0 10
GLUETOWER 3 1 10 7 5 8 3 0 15
775 470
3 3
0 11 6 20 2
1 13 6 20 2
4 0 10 20 10
3 0 8 20 10
2 0 5 20 10
2 7 6 5 10
4 13 10 20 10
0 19 6 20 10
1 18 6 20 10
3 19 8 0 10
2
GUNTOWER 2 0 8 7 555 5 5 1 10
GLUETOWER 3 1 10 7 5 8 3 0 15
470 470
3 3
2 7 6 5 10
4 13 10 20 10
0 19 6 20 10
1 18 6 20 10
3 19 8 0 10
0 11 6 20 2
1 13 6 20 2
4 0 10 20 10
3 0 8 20 10
2 0 5 20 10
2
GUNTOWER 2 0 8 7 555 5 5 1 10
GLUETOWER 3 1 10 7 5 8 3 0 15
800 470
3 3
0 12 6 20 10
1 14 6 20 10
4 1 10 20 10
3 0 7 20 10
2 0 6 20 10
2 6 6 5 10
4 12 10 20 10
0 18 6 20 10
1 17 6 20 10
3 19 8 0 10
2
GUNTOWER 2 0 8 7 555 5 5 0 10
GLUETOWER 3 1 10 7 5 8 3 0 15
470 470
3 3
2 6 6 5 10
4 12 10 20 10
0 18 6 20 10
1 17 6 20 10
3 19 8 0 10
0 12 6 20 10
1 14 6 20 10
4 1 10 20 10
3 0 7 20 10
2 0 6 20 10
2
GUNTOWER 2 0 8 7 555 5 5 0 10
GLUETOWER 3 1 10 7 5 8 3 0 15
850 470
3 3
0 12 6 20 2
1 15 6 20 10
4 2 10 20 10
3 1 6 20 10
2 1 6 20 10
4 11 10 20 10
0 17 6 20 10
1 16 6 20 10
3 19 8 0 10
2 6 6 0 10
2
GUNTOWER 2 0 8 7 555 5 5 1 10
GLUETOWER 3 1 10 7 5 8 3 4 15
470 470
3 3
4 11 10 20 10
0 17 6 20 10
1 16 6 20 10
3 19 8 0 10
2 6 6 0 10
0 12 6 20 2
1 15 6 20 10
4 2 10 20 10
3 1 6 20 10
2 1 6 20 10
2
GUNTOWER 2 0 8 7 555 5 5 1 10
GLUETOWER 3 1 10 7 5 8 3 4 15
875 470
3 3
0 12 6 20 2
1 16 6 20 10
4 3 10 20 10
3 2 6 20 10
2 2 6 20 10
4 10 10 20 10
0 16 6 20 10
1 15 6 20 10
2 19 5 20 10
3 19 8 0 10
2
GUNTOWER 2 0 8 7 555 5 5 0 10
GLUETOWER 3 1 10 7 5 8 3 3 15
470 470
3 3
4 10 10 20 10
0 16 6 20 10
1 15 6 20 10
2 19 5 20 10
3 19 8 0 10
0 12 6 20 2
1 16 6 20 10
4 3 10 20 10
3 2 6 20 10
2 2 6 20 10
2
GUNTOWER 2 0 8 7 555 5 5 0 10
GLUETOWER 3 1 10 7 5 8 3 3 15
900 470
3 3
0 12 6 20 2
1 16 7 20 10
4 4 10 20 10
3 3 6 20 10
2 3 6 20 10
4 9 10 15 10
0 15 6 20 10
1 14 6 20 10
2 19 6 20 10
3 19 8 0 10
2
GUNTOWER 2 0 8 7 555 5 5 1 10
GLUETOWER 3 1 10 7 5 8 3 2 15
470 470
3 3
4 9 10 15 10
0 15 6 20 10
1 14 6 20 10
2 19 6 20 10
3 19 8 0 10
0 12 6 20 2
1 16 7 20 10
4 4 10 20 10
3 3 6 20 10
2 3 6 20 10
2
GUNTOWER 2 0 8 7 555 5 5 1 10
GLUETOWER 3 1 10 7 5 8 3 2 15
925 470
3 3
0 12 6 20 2
1 17 7 20 10
4 5 10 20 10
3 4 6 20 10
2 4 6 20 10
4 8 10 15 10
0 14 6 20 10
1 13 6 20 10
2 18 6 20 10
3 19 8 0 10
2
GUNTOWER 2 0 8 7 555 5 5 0 10
GLUETOWER 3 1 10 7 5 8 3 1 15
470 470
3 3
4 8 10 15 10
0 14 6 20 10
1 13 6 20 10
2 18 6 20 10
3 19 8 0 10
0 12 6 20 2
1 17 7 20 10
4 5 10 20 10
3 4 6 20 10
2 4 6 20 10
2
GUNTOWER 2 0 8 7 555 5 5 0 10
GLUETOWER 3 1 10 7 5 8 3 1 15
950 470
3 3
0 13 6 20 2
1 18 7 20 10
4 6 10 20 10
3 5 6 20 10
2 5 6 20 10
4 7 10 10 10
0 13 6 20 10
1 12 6 20 10
2 17 6 20 10
3 19 8 0 10
2
GUNTOWER 2 0 8 7 555 5 5 1 10
GLUETOWER 3 1 10 7 5 8 3 0 15
470 470
3 3
4 7 10 10 10
0 13 6 20 10
1 12 6 20 10
2 17 6 20 10
3 19 8 0 10
0 13 6 20 2
1 18 7 20 10
4 6 10 20 10
3 5 6 20 10
2 5 6 20 10
2
GUNTOWER 2 0 8 7 555 5 5 1 10
GLUETOWER 3 1 10 7 5 8 3 0 15
1075 470
4 3
0 13 6 20 2
4 7 10 20 10
3 6 6 20 10
2 6 6 20 10
1 19 7 0 10
4 6 10 10 10
0 12 6 20 10
1 11 6 20 10
2 16 6 20 10
3 19 8 0 10
2
GUNTOWER 2 0 8 7 555 5 5 0 10
GLUETOWER 3 1 10 7 5 8 3 0 15
470 470
3 3
4 6 10 10 10
0 12 6 20 10
1 11 6 20 10
2 16 6 20 10
3 19 8 0 10
0 13 6 20 2
4 7 10 20 10
3 6 6 20 10
2 6 6 20 10
1 19 7 0 10
2
GUNTOWER 2 0 8 7 555 5 5 0 10
GLUETOWER 3 1 10 7 5 8 3 0 15
1100 470
4 3
0 13 6 20 2
4 8 10 20 10
3 7 6 20 10
2 7 6 20 10
1 0 3 20 10
4 5 10 5 10
0 11 6 20 10
1 10 6 20 10
2 15 6 20 10
3 19 8 0 10
2
GUNTOWER 2 0 8 7 555 5 5 1 10
GLUETOWER 3 1 10 7 5 8 3 0 15
470 470
3 3
4 5 10 5 10
0 11 6 20 10
1 10 6 20 10
2 15 6 20 10
3 19 8 0 10
0 13 6 20 2
4 8 10 20 10
3 7 6 20 10
2 7 6 20 10
1 0 3 20 10
2
GUNTOWER 2 0 8 7 555 5 5 1 10
GLUETOWER 3 1 10 7 5 8 3 0 15
1125 470
4 3
0 13 6 20 10
4 9 10 20 2
3 8 6 20 10
2 8 6 20 10
1 0 4 20 10
4 4 10 5 10
0 10 6 20 10
1 9 6 20 10
2 14 6 20 10
3 19 8 0 10
2
GUNTOWER 2 0 8 7 555 5 5 0 10
GLUETOWER 3 1 10 7 5 8 3 4 15
470 470
3 3
4 4 10 5 10
0 10 6 20 10
1 9 6 20 10
2 14 6 20 10
3 19 8 0 10
0 13 6 20 10
4 9 10 20 2
3 8 6 20 10
2 8 6 20 10
1 0 4 20 10
2
GUNTOWER 2 0 8 7 555 5 5 0 10
GLUETOWER 3 1 10 7 5 8 3 4 15
1150 470
4 3
0 14 6 20 10
4 9 10 20 2
3 9 6 20 10
2 9 6 20 10
1 0 5 20 10
4 3 10 5 10
0 9 6 15 10
1 8 6 20 10
2 13 6 20 10
3 19 8 0 10
2
GUNTOWER 2 0 8 7 555 5 5 1 10
GLUETOWER 3 1 10 7 5 8 3 3 15
470 470
3 3
4 3 10 5 10
0 9 6 15 10
1 8 6 20 10
2 13 6 20 10
3 19 8 0 10
0 14 6 20 10
4 9 10 20 2
3 9 6 20 10
2 9 6 20 10
1 0 5 20 10
2
GUNTOWER 2 0 8 7 555 5 5 1 10
GLUETOWER 3 1 10 7 5 8 3 3 15
1175 470
4 3
0 15 6 20 10
4 9 10 20 2
3 10 6 20 10
2 10 6 20 10
1 0 6 20 10
4 2 10 5 10
0 8 6 15 10
1 7 6 20 10
2 12 6 20 10
3 19 8 0 10
2
GUNTOWER 2 0 8 7 555 5 5 0 10
GLUETOWER 3 1 10 7 5 8 3 2 15
470 470
3 3
4 2 10 5 10
0 8 6 15 10
1 7 6 20 10
2 12 6 20 10
3 19 8 0 10
0 15 6 20 10
4 9 10 20 2
3 10 6 20 10
2 10 6 20 10
1 0 6 20 10
2
GUNTOWER 2 0 8 7 555 5 5 0 10
GLUETOWER 3 1 10 7 5 8 3 2 15
1200 470
4 3
0 16 6 20 10
4 9 10 20 2
3 11 6 20 10
2 11 6 20 10
1 1 6 20 10
4 1 10 5 10
0 7 6 10 10
1 6 6 20 10
2 11 6 20 10
3 19 8 0 10
2
GUNTOWER 2 0 8 7 555 5 5 1 10
GLUETOWER 3 1 10 7 5 8 3 1 15
470 470
3 3
4 1 10 5 10
0 7 6 10 10
1 6 6 20 10
2 11 6 20 10
3 19 8 0 10
0 16 6 20 10
4 9 10 20 2
3 11 6 20 10
2 11 6 20 10
1 1 6 20 10
2
GUNTOWER 2 0 8 7 555 5 5 1 10
GLUETOWER 3 1 10 7 5 8 3 1 15
1225 470
4 3
0 16 7 20 10
4 9 10 20 2
3 12 6 20 10
2 12 6 20 10
1 2 6 20 10
4 0 9 5 10
0 6 6 10 10
1 5 6 20 10
2 10 6 20 10
3 19 8 0 10
2
GUNTOWER 2 0 8 7 555 5 5 0 10
GLUETOWER 3 1 10 7 5 8 3 0 15
470 470
3 3
4 0 9 5 10
0 6 6 10 10
1 5 6 20 10
2 10 6 20 10
3 19 8 0 10
0 16 7 20 10
4 9 10 20 2
3 12 6 20 10
2 12 6 20 10
1 2 6 20 10
2
GUNTOWER 2 0 8 7 555 5 5 0 10
GLUETOWER 3 1 10 7 5 8 3 0 15
1250 470
4 3
0 17 7 20 10
4 10 10 20 2
3 12 6 20 2
2 13 6 20 2
1 3 6 20 10
4 0 8 5 10
0 5 6 5 10
1 5 7 20 10
2 9 6 20 10
3 19 8 0 10
2
GUNTOWER 2 0 8 7 555 5 5 1 10
GLUETOWER 3 1 10 7 5 8 3 4 15
470 470
3 3
4 0 8 5 10
0 5 6 5 10
1 5 7 20 10
2 9 6 20 10
3 19 8 0 10
0 17 7 20 10
4 10 10 20 2
3 12 6 20 2
2 13 6 20 2
1 3 6 20 10
2
GUNTOWER 2 0 8 7 555 5 5 1 10
GLUETOWER 3 1 10 7 5 8 3 4 15
1275 570
4 4
0 18 7 20 10
4 10 10 20 2
3 12 6 20 2
2 13 6 20 2
1 4 6 20 10
0 5 7 5 10
1 4 7 20 10
2 8 6 20 10
3 19 8 0 10
4 0 7 0 10
2
GUNTOWER 2 0 8 7 555 5 5 0 10
GLUETOWER 3 1 10 7 5 8 3 3 15
570 570
4 4
0 5 7 5 10
1 4 7 20 10
2 8 6 20 10
3 19 8 0 10
4 0 7 0 10
0 18 7 20 10
4 10 10 20 2
3 12 6 20 2
2 13 6 20 2
1 4 6 20 10
2
GUNTOWER 2 0 8 7 555 5 5 0 10
GLUETOWER 3 1 10 7 5 8 3 3 15
1425 570
5 4
4 10 10 20 10
3 12 6 20 2
2 13 6 20 2
1 5 6 20 10
0 19 7 0 10
1 3 7 20 10
2 7 6 20 10
4 19 10 20 10
3 19 8 0 10
0 5 7 0 10
2
GUNTOWER 2 0 8 7 555 5 5 1 10
GLUETOWER 3 1 10 7 5 8 3 2 15
570 570
4 4
1 3 7 20 10
2 7 6 20 10
4 19 10 20 10
3 19 8 0 10
0 5 7 0 10
4 10 10 20 10
3 12 6 20 2
2 13 6 20 2
1 5 6 20 10
0 19 7 0 10
2
GUNTOWER 2 0 8 7 555 5 5 1 10
GLUETOWER 3 1 10 7 5 8 3 2 15
1450 570
5 4
4 11 10 20 10
3 12 6 20 2
2 13 6 20 2
1 6 6 20 10
0 0 1 20 10
1 2 7 20 10
2 6 6 20 10
4 18 10 20 10
0 19 1 20 10
3 19 8 0 10
2
GUNTOWER 2 0 8 7 555 5 5 0 10
GLUETOWER 3 1 10 7 5 8 3 1 15
570 570
4 4
1 2 7 20 10
2 6 6 20 10
4 18 10 20 10
0 19 1 20 10
3 19 8 0 10
4 11 10 20 10
3 12 6 20 2
2 13 6 20 2
1 6 6 20 10
0 0 1 20 10
2
GUNTOWER 2 0 8 7 555 5 5 0 10
GLUETOWER 3 1 10 7 5 8 3 1 15
1475 570
5 4
4 12 10 20 10
3 13 6 20 2
2 13 6 20 2
1 7 6 20 10
0 0 2 20 10
1 1 7 20 10
2 5 6 15 10
4 17 10 20 10
0 19 2 20 10
3 19 8 0 10
2
GUNTOWER 2 0 8 7 555 5 5 1 10
GLUETOWER 3 1 10 7 5 8 3 0 15
570 570
4 4
1 1 7 20 10
2 5 6 15 10
4 17 10 20 10
0 19 2 20 10
3 19 8 0 10
4 12 10 20 10
3 13 6 20 2
2 13 6 20 2
1 7 6 20 10
0 0 2 20 10
2
GUNTOWER 2 0 8 7 555 5 5 1 10
GLUETOWER 3 1 10 7 5 8 3 0 15
1500 670
5 5
4 13 10 20 10
3 13 6 20 2
2 14 6 20 2
1 8 6 20 10
0 0 3 20 10
2 5 7 15 10
4 16 10 20 10
0 19 3 20 10
3 19 8 0 10
1 0 7 0 10
2
GUNTOWER 2 0 8 7 555 5 5 0 10
GLUETOWER 3 1 10 7 5 8 3 0 15
670 670
5 5
2 5 7 15 10
4 16 10 20 10
0 19 3 20 10
3 19 8 0 10
1 0 7 0 10
4 13 10 20 10
3 13 6 20 2
2 14 6 20 2
1 8 6 20 10
0 0 3 20 10
2
GUNTOWER 2 0 8 7 555 5 5 0 10
GLUETOWER 3 1 10 7 5 8 3 0 15
